0
0
0
0
0
0
0
0
0
0
0
0
0
0
0
0
0
0
8
67
290
960
2527
5713
11625
21601
37577
61285
94865
141138
201971
279204
374670
488853
622650
775186
944678
1128360
1324521
1529708
1742455
1959468
2177393
2392583
2603465
2810551
3015340
3216507
3411345
3595281
3764547
3916441
4049512
4163408
4262233
4349433
4429075
4505321
4579515
4652622
4723295
4789370
4847090
4894690
4931637
4958875
4977594
4989275
4995739
4998677
4999699
4999941
4999988
5000000
5000000
5000000
5000000
5000000
5000000
5000000
5000000
5000000
5000000
5000000
5000000
5000000
5000000
5000000
5000000
5000000
5000000
5000000
5000000
5000000
5000000
5000000
5000000
5000000
5000000
5000000
5000000